Senha = kong
Dinheiro = 401
Score = 1
Profissao = 0
PosX = 1684.23754882
PosY = -2326.07153320
PosZ = 13.54687500
PosA = 155.70480346
Skin = 0
Banco = 4500
