Senha = kong
Dinheiro = 1093
Banco = 14091
Score = 11
Admin = 5
Profissao = 2
Minutos = 0
Fome = 50
Sede = 20
PosX = 1482.17346191
PosY = -1738.37414550
PosZ = 15.81601142
PosA = 175.39950561
Skin = 0
