Tipo = 2
X = 1595.46252441
Y = -2167.26538085
Z = 13.57786273
